
node1 = 316
node2 = R (82)
node3 = 365
node4 = & (38)
node5 = 37

3 1 2 4 5


node1 = -50
node2 = 82
node3 = -11
node4 = 38
node5 = 31
node6 = 53

-50(1) 82(2) -11(3) 38(4) 31(5) 53(6)

82(2) 53(6) 38(4) 31(5) -11(3) -50(1) 

2 6 4 5 3 1


82(2) 53(6) -50(1) 38(4) 31(5) -11(3)
2 6 1 4 5 3


2 4 5 3 1

6 2 4 5 3 1
2 6 4 5 3 1
2 4 6 5 3 1
2 4 5 6 3 1
2 4 5 3 6 1
2 4 5 3 1 6


2 1 4 5 3

6 2 1 4 5 3
2 6 1 4 5 3
2 1 6 4 5 3
2 1 4 6 5 3
2 1 4 5 6 3
2 1 4 5 3 6


3 1 2 6 4 5

1 3 2 6 4 5

1 3 

6 - 4 - 2


1 3 5 4 6 2


1 3 2 6 4 5

--------------------------------

node1 = 462
node2 = 82
node3 = 757
node4 = 294
node5 = 543
node6 = 309

(1)462
(2)82
(3)757
(4)294
(5)543
(6)309

(3)757 (5)543 (1)462 (6)309 (4)294 (2)82
3 5 1 6 4 2

4 2 6 

1 2 3 4 5 6
rbx : 309(6)
rax : 543(5)

2 1 3 4 5 6
rbx : 543(5) - 309(6) - 294(4)
rax : 309(6) - 294(4) - 757(3)

3 1 2 4 5 6
rbx : 294(4)
rax : 309(6)



3 5 1 6 4 2
rbx : 294(4) - 82(2)
rax : 82(2) - 309(6)

3 5 6 1 4 2
rbx : 294(4) - 82(2)
rax : 82(2) - 462(1)

2 4 6 1 5 3
rbx : 31(5)
rax : 757(3)

2 4 6 1 3 5
rbx : 543(5)
rax : 757(3)

6 4 2 1 3 5
rbx : 462(1)
rax : 757(3)

x x x 1 3 5


4 2 3 1 5 6
1 -> 6(309)
2 -> 5(543)
3 -> 4(294)
4 -> 757(3) -> 543(5) -> 294(4) -> 
5 -> 2(82)
6 -> 1(462)

4 2 1 3 5 6
rbx : 757(3), 543(5), 309(6), 294(4), 82(2) 
rax : 543(5), 309(6), 294(4), 82(2), 462(1)

3 5 1 6 4 2

4 2 6 1 3 5
